Data	MACK	MACK10	MACK5	SIDC
2007-01-01	26	33	26	38
2007-01-02	47	45	46	42
2007-01-04	45	44	44	44
2007-01-05	38	45	45	44
2007-01-06	56	0	44	49
2007-01-07	34	22	34	47
2007-01-08	89	77	77	42
2007-01-09	70	57	58	52
2007-01-10	35	34	34	47
2007-01-11	44	33	33	42
2007-01-12	22	22	22	40
2007-01-13	24	23	23	28
2007-01-14	14	12	12	30
2007-01-15	15	12	12	19
2007-01-16	16	13	14	19
2007-01-17	0	0	0	16
2007-01-18	23	0	0	17
2007-01-19	23	0	0	24
2007-01-20	12	0	11	19
2007-01-22	16	12	13	21
2007-01-23	24	13	13	17
2007-01-24	23	12	23	19
2007-01-25	11	11	11	14
2007-01-26	0	0	0	12
2007-01-27	11	11	11	12
2007-02-03	29	24	25	41
2007-02-03	16	0	22	36
2007-02-04	35	23	24	29
2007-02-05	23	22	22	27
2007-02-06	23	22	22	26
2007-02-07	11	11	11	26
2007-02-08	22	11	11	14
2007-02-10	22	11	11	12
2007-02-11	0	0	0	12
2007-02-11	0	0	0	0
2007-02-12	0	0	0	0
2007-02-13	0	0	0	0
2007-02-15	12	0	0	0
2007-02-17	22	11	22	14
2007-02-19	24	11	23	14
2007-02-20	25	23	23	34
2007-02-22	11	11	11	17
2007-02-24	11	11	11	26
2007-02-26	22	11	22	14
2007-02-26	22	22	22	26
2007-03-01	23	11	11	14
2007-03-02	22	11	11	11
2007-03-05	22	0	0	13
2007-03-05	34	0	12	27
2007-03-07	11	0	0	0
2007-03-08	0	0	0	0
2007-03-09	0	0	0	0
2007-03-11	0	0	0	14
2007-03-13	0	0	0	0
2007-03-14	0	0	0	0
2007-03-15	0	0	0	0
2007-03-16	0	0	0	0
2007-03-17	0	0	0	0
2007-03-18	0	0	0	0
2007-03-20	0	0	0	0
2007-03-20	0	0	0	0
2007-03-21	0	0	0	0
2007-03-22	0	0	0	0
2007-03-23	0	0	0	13
2007-03-24	11	11	11	13
2007-03-25	0	0	0	0
2007-03-26	12	0	0	14
2007-03-27	0	0	0	13
2007-03-28	0	0	0	13
2007-03-29	0	0	0	13
2007-03-30	11	0	0	11
2007-03-31	11	0	0	11
2007-04-01	11	11	11	16
2007-04-02	0	0	0	0
2007-04-03	0	0	0	0
2007-04-04	0	0	0	0
2007-04-05	0	0	0	0
2007-04-06	0	0	0	0
2007-04-07	0	0	0	0
2007-04-08	0	0	0	0
2007-04-10	0	0	0	0
2007-04-11	0	0	0	0
2007-04-12	0	0	0	0
2007-04-13	0	0	0	0
2007-04-14	11	0	0	0
2007-04-16	0	0	0	0
2007-04-18	0	0	0	0
2007-04-19	0	0	0	0
2007-04-20	0	0	0	0
2007-04-21	0	0	0	0
2007-04-22	0	0	0	0
2007-04-23	0	0	0	0
2007-04-24	0	0	0	0
2007-04-25	11	11	11	13
2007-04-26	12	12	12	16
2007-04-27	12	12	12	18
2007-04-28	18	13	13	23
2007-04-29	27	12	12	32
2007-04-30	25	25	25	34
2007-05-01	26	24	25	33
2007-05-02	37	24	24	33
2007-05-03	25	12	23	20
2007-05-04	12	11	12	18
2007-05-05	15	12	13	17
2007-05-06	23	11	11	15
2007-05-07	12	11	12	13
2007-05-08	11	0	0	15
2007-05-09	14	13	13	18
2007-05-10	15	14	15	20
2007-05-11	18	15	16	23
2007-05-12	16	13	14	22
2007-05-13	15	12	14	18
2007-05-14	13	0	0	30
2007-05-15	14	13	13	30
2007-05-16	26	15	26	32
2007-05-17	27	14	26	40
2007-05-18	31	25	27	42
2007-05-19	17	15	15	37
2007-05-20	18	14	16	23
2007-05-22	12	0	11	15
2007-05-23	22	0	11	23
2007-05-25	0	0	0	0
2007-05-27	22	0	0	0
2007-05-28	11	0	0	0
2007-05-30	11	11	11	12
2007-05-31	22	0	0	12
2007-06-02	39	26	27	44
2007-06-03	48	21	46	55
2007-06-06	41	31	37	58
2007-06-07	47	38	43	66
2007-06-08	51	25	25	60
2007-06-09	13	22	22	21
2007-06-10	22	22	22	16
2007-06-11	22	22	22	16
2007-06-12	23	0	11	14
2007-06-13	22	11	11	14
2007-06-14	0	0	0	0
2007-06-15	0	0	0	0
2007-06-16	11	0	0	0
2007-06-17	22	0	0	0
2007-06-18	11	0	0	0
2007-06-19	22	0	0	0
2007-06-20	0	0	0	0
2007-06-21	0	0	0	0
2007-06-22	0	0	0	0
2007-06-23	11	0	0	0
2007-06-24	0	0	0	0
2007-06-25	11	0	0	12
2007-06-26	11	11	11	14
2007-06-27	23	11	11	14
2007-06-28	12	11	12	16
2007-06-29	23	11	11	32
2007-06-30	34	22	22	32
2007-07-01	24	24	24	30
2007-07-02	13	12	12	17
2007-07-03	11	11	11	14
2007-07-04	12	12	12	14
2007-07-05	12	12	12	14
2007-07-06	0	0	0	14
2007-07-07	11	11	11	12
2007-07-08	11	11	11	16
2007-07-09	16	15	16	22
2007-07-10	18	17	17	27
2007-07-11	18	15	17	27
2007-07-12	16	14	14	23
2007-07-13	32	27	29	41
2007-07-14	31	28	29	42
2007-07-15	31	37	29	39
2007-07-16	35	23	35	31
2007-07-17	23	23	23	17
2007-07-18	11	11	11	14
2007-07-19	11	11	11	12
2007-07-20	0	0	0	0
2007-07-21	0	0	0	0
2007-07-22	0	0	0	0
2007-07-23	0	0	0	0
2007-07-24	0	0	0	0
2007-07-25	0	0	0	0
2007-07-26	0	0	0	0
2007-07-27	0	0	0	0
2007-07-28	11	11	11	14
2007-07-29	11	11	11	14
2007-07-30	23	11	11	14
2007-07-31	0	0	0	0
2007-08-01	0	0	0	0
2007-08-02	0	0	0	0
2007-08-03	11	0	0	11
2007-08-04	11	11	11	11
2007-08-05	11	11	11	11
2007-08-06	11	11	11	13
2007-08-07	11	11	11	13
2007-08-08	13	12	12	15
2007-08-09	12	12	12	15
2007-08-10	23	0	0	15
2007-08-11	11	0	0	13
2007-08-13	13	0	0	13
2007-08-13	11	0	0	13
2007-08-14	0	0	0	0
2007-08-15	0	0	0	0
2007-08-16	0	0	0	0
2007-08-17	0	0	0	0
2007-08-18	0	0	0	0
2007-08-19	0	0	0	0
2007-08-20	0	0	0	0
2007-08-30	12	11	12	13
2007-08-31	24	23	24	28
2007-09-02	13	11	11	13
2007-09-04	11	0	0	13
2007-09-05	11	0	11	13
2007-09-06	11	0	0	0
2007-09-09	0	0	0	0
2007-09-09	0	0	0	0
2007-09-10	0	0	0	0
2007-09-11	11	0	0	0
2007-09-12	0	0	0	0
2007-09-13	11	0	0	0
2007-09-14	0	0	0	0
2007-09-15	0	0	0	0
2007-09-16	11	0	0	0
2007-09-17	0	0	0	0
2007-09-18	0	0	0	0
2007-09-19	0	0	0	0
2007-09-20	0	0	0	0
2007-09-21	0	0	0	0
2007-09-22	0	0	0	0
2007-09-23	0	0	0	0
2007-09-24	11	0	0	0
2007-09-25	0	0	0	0
2007-09-26	0	0	0	0
2007-09-27	0	0	0	0
2007-09-28	11	11	11	15
2007-09-29	13	11	11	15
2007-09-30	13	0	0	15
2007-10-01	0	0	0	0
2007-10-02	0	0	0	0
2007-10-03	0	0	0	0
2007-10-04	0	0	0	0
2007-10-05	0	0	0	0
2007-10-06	13	12	12	19
2007-10-07	25	12	12	16
2007-10-08	11	0	0	12
2007-10-09	0	0	0	0
2007-10-10	11	0	0	0
2007-10-11	0	0	0	0
2007-10-12	0	0	0	0
2007-10-13	0	0	0	0
2007-10-14	0	0	0	0
2007-10-15	0	0	0	0
2007-10-16	0	0	0	0
2007-10-17	0	0	0	0
2007-10-18	0	0	0	0
2007-10-19	0	0	0	0
2007-10-20	0	0	0	0
2007-10-21	0	0	0	0
2007-10-22	0	0	0	0
2007-10-23	0	0	0	0
2007-10-24	0	0	0	0
2007-10-25	0	0	0	0
2007-10-26	0	0	0	0
2007-10-27	0	0	0	0
2007-10-28	0	0	0	0
2007-10-30	0	0	0	0
2007-10-31	11	0	0	0
2007-11-01	0	0	0	0
2007-11-02	0	0	0	0
2007-11-03	0	0	0	0
2007-11-04	0	0	0	0
2007-11-05	11	0	0	0
2007-11-06	11	0	0	13
2007-11-07	0	0	0	0
2007-11-08	0	0	0	0
2007-11-09	0	0	0	0
2007-11-10	0	0	0	0
2007-11-11	0	0	0	0
2007-11-12	0	0	0	0
2007-11-13	0	0	0	0
2007-11-14	0	0	0	0
2007-11-15	11	0	0	0
2007-11-16	12	12	12	16
2007-11-17	0	0	0	15
2007-11-18	0	0	0	0
2007-11-19	0	0	0	0
2007-11-23	11	0	0	0
2007-11-24	0	0	0	16
2007-11-25	11	11	11	13
2007-11-29	0	0	0	0
2007-11-29	0	0	0	0
2007-12-02	11	0	11	15
2007-12-03	11	0	0	12
2007-12-04	12	11	12	15
2007-12-05	23	11	12	14
2007-12-06	23	0	22	27
2007-12-07	37	12	14	26
2007-12-08	29	23	27	43
2007-12-09	28	26	28	45
2007-12-10	23	16	19	41
2007-12-11	33	17	20	41
2007-12-12	30	19	24	48
2007-12-13	28	22	25	51
2007-12-14	36	20	22	41
2007-12-15	36	17	20	38
2007-12-16	21	18	18	31
2007-12-17	23	11	12	19
2007-12-18	0	0	0	12
2007-12-19	11	0	0	0
2007-12-20	0	0	0	0
2007-12-21	0	0	0	0
2007-12-22	0	0	0	0
2007-12-23	0	0	0	0
2007-12-24	11	0	0	0
2007-12-25	11	0	0	0
2007-12-26	0	0	0	0
2007-12-27	0	0	0	0
2007-12-28	0	0	0	0
2007-12-29	0	0	0	0
2007-12-30	0	0	0	0
2007-12-31	11	0	0	0
